26
5 0.200000 0.675000 0.050000 0.750000 0.050000 0.500000 0.150000 0.450000 0.200000 0.550000 
5 0.337500 0.550000 0.402778 0.680556 0.275000 0.712500 0.200000 0.675000 0.200000 0.550000 
6 0.200000 0.900000 0.050000 0.750000 0.200000 0.675000 0.275000 0.712500 0.275000 0.887500 0.225000 0.900000 
5 0.500000 0.050000 0.600000 0.050000 0.666667 0.116667 0.650000 0.150000 0.500000 0.150000 
3 0.225000 0.125000 0.375000 0.200000 0.225000 0.275000 
5 0.225000 0.275000 0.200000 0.300000 0.100000 0.200000 0.200000 0.100000 0.225000 0.125000 
4 0.375000 0.475000 0.300000 0.400000 0.425000 0.275000 0.425000 0.475000 
8 0.300000 0.400000 0.200000 0.400000 0.200000 0.300000 0.225000 0.275000 0.375000 0.200000 0.417857 0.232143 0.431250 0.265625 0.425000 0.275000 
6 0.375000 0.475000 0.337500 0.550000 0.200000 0.550000 0.150000 0.450000 0.200000 0.400000 0.300000 0.400000 
9 0.875000 0.087500 0.975000 0.112500 0.983333 0.116667 1.000000 0.150000 1.000000 0.250000 0.965625 0.318750 0.908333 0.341667 0.825000 0.175000 0.825000 0.112500 
8 0.543750 0.946875 0.425000 0.887500 0.425000 0.685000 0.440385 0.678846 0.491667 0.691667 0.600000 0.800000 0.600000 0.850000 0.552273 0.945455 
6 0.425000 0.887500 0.325000 0.912500 0.275000 0.887500 0.275000 0.712500 0.402778 0.680556 0.425000 0.685000 
5 0.600000 0.800000 0.700000 0.700000 0.805000 0.805000 0.775000 0.850000 0.600000 0.850000 
5 0.600000 0.850000 0.775000 0.850000 0.775000 0.925000 0.625000 1.000000 0.552273 0.945455 
4 0.850000 0.675000 0.700000 0.675000 0.687500 0.625000 0.850000 0.625000 
5 0.850000 0.675000 0.902778 0.780556 0.805000 0.805000 0.700000 0.700000 0.700000 0.675000 
6 0.700000 0.675000 0.700000 0.700000 0.600000 0.800000 0.491667 0.691667 0.675000 0.600000 0.687500 0.625000 
5 0.500000 0.500000 0.425000 0.475000 0.425000 0.275000 0.431250 0.265625 0.500000 0.300000 
6 0.500000 0.300000 0.431250 0.265625 0.417857 0.232143 0.500000 0.150000 0.650000 0.150000 0.650000 0.300000 
7 0.650000 0.300000 0.650000 0.150000 0.666667 0.116667 0.725000 0.087500 0.825000 0.112500 0.825000 0.175000 0.675000 0.325000 
7 0.425000 0.685000 0.402778 0.680556 0.337500 0.550000 0.375000 0.475000 0.425000 0.475000 0.500000 0.500000 0.440385 0.678846 
6 0.875000 0.575000 0.675000 0.575000 0.660000 0.500000 0.720000 0.400000 0.850000 0.400000 0.916667 0.533333 
6 0.660000 0.500000 0.500000 0.500000 0.500000 0.300000 0.650000 0.300000 0.675000 0.325000 0.720000 0.400000 
5 0.720000 0.400000 0.675000 0.325000 0.825000 0.175000 0.908333 0.341667 0.850000 0.400000 
6 0.675000 0.575000 0.675000 0.600000 0.491667 0.691667 0.440385 0.678846 0.500000 0.500000 0.660000 0.500000 
5 0.875000 0.575000 0.850000 0.625000 0.687500 0.625000 0.675000 0.600000 0.675000 0.575000 